CC = gcc
CFLAGS = -Wall -Wextra -Werror

SRC_FILES = push_swap.c ft_stack_utils.c ft_stack.c \
ft_atoi.c ft_swapi.c r_rotate_instructions.c sp_instructions.c \
rotate_instructions.c sort_algo.c sort_algo_utils.c 

all:
	@$(CC) $(SRC_FILES) -o play
	@./play 379 317 152 305 83 333 258 66 346 109 206 342 316 280 467 32 414 226 112 455 493 176 234 94 454 331 97 137 163 322 407 110 253 61 435 203 483 264 326 372 466 180 369 365 279 31 13 132 184 461 287 135 122 3 390 47 417 307 340 448 394 332 219 107 8 160 56 166 337 430 285 73 380 2 248 473 7 402 355 102 72 262 36 383 418 303 121 41 273 289 28 299 318 481 427 231 413 141 401 335 192 286 497 5 277 490 487 384 46 312 433 388 209 480 128 436 377 232 75 74 196 211 485 197 252 134 239 374 198 156 44 57 336 290 313 310 459 452 6 324 442 450 33 155 10 154 233 465 37 416 293 488 237 269 426 429 419 116 127 363 397 460 484 328 399 276 325 323 496 124 106 131 491 173 409 20 495 288 27 120 338 304 489 267 40 64 169 230 92 204 178 79 470 190 236 179 80 458 385 243 210 182 477 423 12 441 207 275 392 165 463 183 284 9 456 403 15 78 115 67 469 218 329 440 49 21 151 167 431 195 309 381 93 334 271 216 117 100 158 82 256 111 278 424 330 113 91 215 136 70 464 261 343 188 130 453 87 294 251 238 1 308 446 327 367 17 422 400 462 274 200 281 348 250 297 472 360 62 164 126 153 29 412 353 421 249 242 225 266 53 404 18 98 38 438 217 344 291 60 161 300 186 451 25 479 445 302 11 296 347 23 475 71 50 77 260 201 443 500 314 241 357 356 145 212 99 395 387 354 26 428 315 42 364 55 129 101 148 104 425 447 292 240 157 259 263 345 319 362 89 376 22 221 88 282 4 389 54 133 494 415 366 168 432 35 222 393 63 420 391 16 228 181 139 382 224 171 482 103 486 125 361 14 411 272 19 398 194 86 339 24 208 68 410 39 185 191 59 177 371 34 174 386 84 349 123 114 295 478 85 351 202 143 52 144 352 246 69 43 205 142 254 471 45 108 58 244 76 257 172 189 375 95 213 468 96 90 449 138 235 193 81 301 270 311 255 350 444 373 175 247 396 405 439 499 199 306 406 283 408 265 105 220 492 298 476 159 48 370 229 227 359 149 378 119 65 170 118 30 223 214 341 146 162 457 51 320 147 268 358 498 150 321 140 437 474 368 434 187 245
